wl(um)	n	k
0.4	3.8718	0.22291
0.401	3.8692	0.22093
0.402	3.8666	0.21895
0.403	3.864	0.21697
0.404	3.8614	0.21499
0.405	3.8588	0.21301
0.406	3.8562	0.21103
0.407	3.8535	0.20905
0.408	3.8509	0.20707
0.409	3.8483	0.20509
0.41	3.8457	0.20311
0.411	3.8423	0.20113
0.412	3.8389	0.19915
0.413	3.8356	0.19717
0.414	3.8322	0.19519
0.415	3.8289	0.19321
0.416	3.8255	0.19123
0.417	3.8222	0.18925
0.418	3.8177	0.18727
0.419	3.8132	0.18528
0.42	3.8088	0.1833
0.421	3.8043	0.18132
0.422	3.7998	0.18079
0.423	3.7953	0.18028
0.424	3.7908	0.17977
0.425	3.7864	0.17926
0.426	3.7819	0.17875
0.427	3.7774	1.78E-01
0.428	3.7726	1.78E-01
0.429	3.7675	1.77E-01
0.43	3.7624	1.77E-01
0.431	3.7573	1.76E-01
0.432	3.7522	1.76E-01
0.433	3.7471	1.76E-01
0.434	3.742	1.76E-01
0.435	3.7369	1.77E-01
0.436	3.732	1.78E-01
0.437	3.7274	1.78E-01
0.438	3.7227	1.79E-01
0.439	3.7181	1.80E-01
0.44	3.7134	1.80E-01
0.441	3.7087	1.81E-01
0.442	3.7041	1.82E-01
0.443	3.6994	1.82E-01
0.444	3.695	1.83E-01
0.445	3.6918	1.84E-01
0.446	3.6885	1.84E-01
0.447	3.6852	1.85E-01
0.448	3.6819	1.86E-01
0.449	3.6787	1.87E-01
0.45	3.6754	1.87E-01
0.451	3.6735	1.88E-01
0.452	3.6724	1.89E-01
0.453	3.6735	1.89E-01
0.454	3.6775	1.89E-01
0.455	3.6814	1.88E-01
0.456	3.6854	1.88E-01
0.457	3.6893	1.88E-01
0.458	3.6933	1.87E-01
0.459	3.6972	1.83E-01
0.46	3.7012	1.77E-01
0.461	3.7051	1.72E-01
0.462	3.7126	1.62E-01
0.463	3.7217	1.52E-01
0.464	3.7307	1.41E-01
0.465	3.7398	1.31E-01
0.466	3.7489	1.21E-01
0.467	3.7579	1.11E-01
0.468	3.767	1.00E-01
0.469	3.7732	9.01E-02
0.47	3.7772	7.99E-02
0.471	3.7813	6.97E-02
0.472	3.7854	5.48E-02
0.473	3.7894	4.80E-02
0.474	3.7935	4.12E-02
0.475	3.7976	3.45E-02
0.476	3.8017	2.77E-02
0.477	3.8052	2.10E-02
0.478	3.808	1.62E-02
0.479	3.8093	1.44E-02
0.48	3.805	1.27E-02
0.481	3.8006	1.09E-02
0.482	3.7963	9.19E-03
0.483	3.7919	7.43E-03
0.484	3.7875	5.68E-03
0.485	3.7831	5.18E-03
0.486	3.7786	4.69E-03
0.487	3.7741	4.19E-03
0.488	3.7696	3.69E-03
0.489	3.7651	3.20E-03
0.49	3.7605	2.70E-03
0.491	3.756	2.39E-03
0.492	3.7515	2.22E-03
0.493	3.7468	1.62E-03
0.494	3.7419	1.44E-03
0.495	3.7371	1.27E-03
0.496	3.7322	1.09E-03
0.497	3.7274	9.19E-04
0.498	3.7225	7.43E-04
0.499	3.7177	5.68E-04
0.5	3.7128	5.18E-04
0.501	3.7079	4.69E-04
0.502	3.7031	4.19E-04
0.503	3.6982	3.69E-04
0.504	3.6934	3.20E-04
0.505	3.6888	2.70E-04
0.506	3.6845	2.39E-04
0.507	3.6803	2.22E-04
0.508	3.676	1.62E-04
0.509	3.6717	1.44E-04
0.51	3.6674	1.27E-04
0.511	3.6632	1.09E-04
0.512	3.6589	9.19E-05
0.513	3.6546	7.43E-05
0.514	3.6504	5.68E-05
0.515	3.6461	5.18E-05
0.516	3.6418	4.69E-05
0.517	3.6376	4.19E-05
0.518	3.6341	3.69E-05
0.519	3.6306	3.20E-05
0.52	3.6272	2.70E-05
0.521	3.6238	2.39E-05
0.522	3.6204	2.22E-05
0.523	3.6169	1.62E-05
0.524	3.6135	1.44E-05
0.525	3.6101	1.27E-05
0.526	3.6066	1.09E-05
0.527	3.6032	9.19E-06
0.528	3.5998	7.43E-06
0.529	3.5965	5.68E-06
0.53	3.5935	5.18E-06
0.531	3.5905	4.69E-06
0.532	3.5874	4.19E-06
0.533	3.5844	3.69E-06
0.534	3.5814	3.20E-06
0.535	3.5783	2.70E-06
0.536	3.5753	2.39E-06
0.537	3.5723	2.22E-06
0.538	3.5693	1.62E-06
0.539	3.5662	1.44E-06
0.54	3.5632	1.27E-06
0.541	3.5602	1.09E-06
0.542	3.5571	0.00E+00
0.543	3.5541	0.00E+00
0.544	3.5511	0.00E+00
0.545	3.548	0.00E+00
0.546	3.545	0.00E+00
0.547	3.542	0.00E+00
0.548	3.539	0.00E+00
0.549	3.5361	0.00E+00
0.55	3.5334	0.00E+00
0.551	3.5306	0.00E+00
0.552	3.5279	0.00E+00
0.553	3.5251	0.00E+00
0.554	3.5223	0.00E+00
0.555	3.5196	0.00E+00
0.556	3.5168	0.00E+00
0.557	3.5141	0.00E+00
0.558	3.5113	0.00E+00
0.559	3.5086	0.00E+00
0.56	3.5058	0.00E+00
0.561	3.5031	0.00E+00
0.562	3.5003	0.00E+00
0.563	3.4975	0.00E+00
0.564	3.4948	0.00E+00
0.565	3.492	0.00E+00
0.566	3.4893	0.00E+00
0.567	3.4865	0.00E+00
0.568	3.4838	0.00E+00
0.569	3.481	0.00E+00
0.57	3.4792	0.00E+00
0.571	3.4773	0.00E+00
0.572	3.4755	0.00E+00
0.573	3.4737	0.00E+00
0.574	3.4719	0.00E+00
0.575	3.47	0.00E+00
0.576	3.4682	0.00E+00
0.577	3.4664	0.00E+00
0.578	3.4646	0.00E+00
0.579	3.4627	0.00E+00
0.58	3.4609	0.00E+00
0.581	3.4591	0.00E+00
0.582	3.4573	0.00E+00
0.583	3.4554	0.00E+00
0.584	3.4536	0.00E+00
0.585	3.4518	0.00E+00
0.586	3.45	0.00E+00
0.587	3.4481	0.00E+00
0.588	3.4463	0.00E+00
0.589	3.4445	0.00E+00
0.59	3.4427	0.00E+00
0.591	3.4408	0.00E+00
0.592	3.439	0.00E+00
0.593	3.4372	0.00E+00
0.594	3.4354	0.00E+00
0.595	3.4335	0.00E+00
0.596	3.4317	0.00E+00
0.597	3.4299	0.00E+00
0.598	3.4281	0.00E+00
0.599	3.4262	0.00E+00
0.6	3.4247	0.00E+00
0.601	3.4233	0.00E+00
0.602	3.4218	0.00E+00
0.603	3.4204	0.00E+00
0.604	3.4189	0.00E+00
0.605	3.4175	0.00E+00
0.606	3.416	0.00E+00
0.607	3.4146	0.00E+00
0.608	3.4131	0.00E+00
0.609	3.4117	0.00E+00
0.61	3.4102	0.00E+00
0.611	3.4087	0.00E+00
0.612	3.4073	0.00E+00
0.613	3.4058	0.00E+00
0.614	3.4044	0.00E+00
0.615	3.4029	0.00E+00
0.616	3.4015	0.00E+00
0.617	3.4	0.00E+00
0.618	3.3986	0.00E+00
0.619	3.3971	0.00E+00
0.62	3.3957	0.00E+00
0.621	3.3942	0.00E+00
0.622	3.3927	0.00E+00
0.623	3.3913	0.00E+00
0.624	3.3898	0.00E+00
0.625	3.3884	0.00E+00
0.626	3.3869	0.00E+00
0.627	3.3855	0.00E+00
0.628	3.384	0.00E+00
0.629	3.3826	0.00E+00
0.63	3.3811	0.00E+00
0.631	3.3799	0.00E+00
0.632	3.3789	0.00E+00
0.633	3.3778	0.00E+00
0.634	3.3767	0.00E+00
0.635	3.3756	0.00E+00
0.636	3.3746	0.00E+00
0.637	3.3735	0.00E+00
0.638	3.3724	0.00E+00
0.639	3.3713	0.00E+00
0.64	3.3703	0.00E+00
0.641	3.3692	0.00E+00
0.642	3.3681	0.00E+00
0.643	3.367	0.00E+00
0.644	3.3659	0.00E+00
0.645	3.3649	0.00E+00
0.646	3.3638	0.00E+00
0.647	3.3627	0.00E+00
0.648	3.3616	0.00E+00
0.649	3.3606	0.00E+00
0.65	3.3595	0.00E+00
0.651	3.3584	0.00E+00
0.652	3.3573	0.00E+00
0.653	3.3563	0.00E+00
0.654	3.3552	0.00E+00
0.655	3.3541	0.00E+00
0.656	3.353	0.00E+00
0.657	3.352	0.00E+00
0.658	3.3509	0.00E+00
0.659	3.3498	0.00E+00
0.66	3.3487	0.00E+00
0.661	3.3477	0.00E+00
0.662	3.3466	0.00E+00
0.663	3.3455	0.00E+00
0.664	3.3444	0.00E+00
0.665	3.3434	0.00E+00
0.666	3.3423	0.00E+00
0.667	3.3412	0.00E+00
0.668	3.3401	0.00E+00
0.669	3.3391	0.00E+00
0.67	3.3382	0.00E+00
0.671	3.3374	0.00E+00
0.672	3.3366	0.00E+00
0.673	3.3358	0.00E+00
0.674	3.335	0.00E+00
0.675	3.3342	0.00E+00
0.676	3.3334	0.00E+00
0.677	3.3326	0.00E+00
0.678	3.3318	0.00E+00
0.679	3.3309	0.00E+00
0.68	3.3301	0.00E+00
0.681	3.3293	0.00E+00
0.682	3.3285	0.00E+00
0.683	3.3277	0.00E+00
0.684	3.3269	0.00E+00
0.685	3.3261	0.00E+00
0.686	3.3253	0.00E+00
0.687	3.3245	0.00E+00
0.688	3.3237	0.00E+00
0.689	3.3229	0.00E+00
0.69	3.3221	0.00E+00
0.691	3.3212	0.00E+00
0.692	3.3204	0.00E+00
0.693	3.3196	0.00E+00
0.694	3.3188	0.00E+00
0.695	3.318	0.00E+00
0.696	3.3172	0.00E+00
0.697	3.3164	0.00E+00
0.698	3.3156	0.00E+00
0.699	3.3148	0.00E+00
0.7	3.314	0.00E+00
0.701	3.3132	0.00E+00
0.702	3.3123	0.00E+00
0.703	3.3115	0.00E+00
0.704	3.3107	0.00E+00
0.705	3.3099	0.00E+00
0.706	3.3091	0.00E+00
0.707	3.3083	0.00E+00
0.708	3.3075	0.00E+00
0.709	3.3067	0.00E+00
0.71	3.3059	0.00E+00
0.711	3.3051	0.00E+00
0.712	3.3043	0.00E+00
0.713	3.3035	0.00E+00
0.714	3.3026	0.00E+00
0.715	3.3018	0.00E+00
0.716	3.301	0.00E+00
0.717	3.3002	0.00E+00
0.718	3.2994	0.00E+00
0.719	3.2986	0.00E+00
0.72	3.2978	0.00E+00
0.721	3.297	0.00E+00
0.722	3.2962	0.00E+00
0.723	3.2954	0.00E+00
0.724	3.2946	0.00E+00
0.725	3.2937	0.00E+00
0.726	3.2929	0.00E+00
0.727	3.2921	0.00E+00
0.728	3.2913	0.00E+00
0.729	3.2905	0.00E+00
0.73	3.2897	0.00E+00
0.731	3.2889	0.00E+00
0.732	3.2881	0.00E+00
0.733	3.2874	0.00E+00
0.734	3.2869	0.00E+00
0.735	3.2864	0.00E+00
0.736	3.2859	0.00E+00
0.737	3.2854	0.00E+00
0.738	3.2849	0.00E+00
0.739	3.2844	0.00E+00
0.74	3.2838	0.00E+00
0.741	3.2833	0.00E+00
0.742	3.2828	0.00E+00
0.743	3.2823	0.00E+00
0.744	3.2818	0.00E+00
0.745	3.2813	0.00E+00
0.746	3.2808	0.00E+00
0.747	3.2803	0.00E+00
0.748	3.2798	0.00E+00
0.749	3.2793	0.00E+00
0.75	3.2787	0.00E+00
0.751	3.2782	0.00E+00
0.752	3.2777	0.00E+00
0.753	3.2772	0.00E+00
0.754	3.2767	0.00E+00
0.755	3.2762	0.00E+00
0.756	3.2757	0.00E+00
0.757	3.2752	0.00E+00
0.758	3.2747	0.00E+00
0.759	3.2742	0.00E+00
0.76	3.2736	0.00E+00
0.761	3.2731	0.00E+00
0.762	3.2726	0.00E+00
0.763	3.2721	0.00E+00
0.764	3.2716	0.00E+00
0.765	3.2711	0.00E+00
0.766	3.2706	0.00E+00
0.767	3.2701	0.00E+00
0.768	3.2696	0.00E+00
0.769	3.2691	0.00E+00
0.77	3.2685	0.00E+00
0.771	3.268	0.00E+00
0.772	3.2675	0.00E+00
0.773	3.267	0.00E+00
0.774	3.2665	0.00E+00
0.775	3.266	0.00E+00
0.776	3.2655	0.00E+00
0.777	3.265	0.00E+00
0.778	3.2645	0.00E+00
0.779	3.264	0.00E+00
0.78	3.2634	0.00E+00
0.781	3.2629	0.00E+00
0.782	3.2624	0.00E+00
0.783	3.2619	0.00E+00
0.784	3.2614	0.00E+00
0.785	3.2609	0.00E+00
0.786	3.2604	0.00E+00
0.787	3.2599	0.00E+00
0.788	3.2594	0.00E+00
0.789	3.2589	0.00E+00
0.79	3.2583	0.00E+00
0.791	3.2578	0.00E+00
0.792	3.2573	0.00E+00
0.793	3.2568	0.00E+00
0.794	3.2563	0.00E+00
0.795	3.2558	0.00E+00
0.796	3.2553	0.00E+00
0.797	3.2548	0.00E+00
0.798	3.2543	0.00E+00
0.799	3.2538	0.00E+00
0.8	3.2532	0.00E+00
0.801	3.2527	0.00E+00
0.802	3.2522	0.00E+00
0.803	3.2517	0.00E+00
0.804	3.2512	0.00E+00
0.805	3.2507	0.00E+00
0.806	3.2502	0.00E+00
0.807	3.2497	0.00E+00
0.808	3.2492	0.00E+00
0.809	3.2487	0.00E+00
0.81	3.2481	0.00E+00
0.811	3.2476	0.00E+00
0.812	3.2471	0.00E+00
0.813	3.2466	0.00E+00
0.814	3.2461	0.00E+00
0.815	3.2456	0.00E+00
0.816	3.2451	0.00E+00
0.817	3.2446	0.00E+00
0.818	3.2443	0.00E+00
0.819	3.244	0.00E+00
0.82	3.2437	0.00E+00
0.821	3.2434	0.00E+00
0.822	3.2431	0.00E+00
0.823	3.2427	0.00E+00
0.824	3.2424	0.00E+00
0.825	3.2421	0.00E+00
0.826	3.2418	0.00E+00
0.827	3.2415	0.00E+00
0.828	3.2412	0.00E+00
0.829	3.2408	0.00E+00
0.83	3.2405	0.00E+00
0.831	3.2402	0.00E+00
0.832	3.2399	0.00E+00
0.833	3.2396	0.00E+00
0.834	3.2393	0.00E+00
0.835	3.239	0.00E+00
0.836	3.2386	0.00E+00
0.837	3.2383	0.00E+00
0.838	3.238	0.00E+00
0.839	3.2377	0.00E+00
0.84	3.2374	0.00E+00
0.841	3.2371	0.00E+00
0.842	3.2368	0.00E+00
0.843	3.2364	0.00E+00
0.844	3.2361	0.00E+00
0.845	3.2358	0.00E+00
0.846	3.2355	0.00E+00
0.847	3.2352	0.00E+00
0.848	3.2349	0.00E+00
0.849	3.2346	0.00E+00
0.85	3.2342	0.00E+00
0.851	3.2339	0.00E+00
0.852	3.2336	0.00E+00
0.853	3.2333	0.00E+00
0.854	3.233	0.00E+00
0.855	3.2327	0.00E+00
0.856	3.2323	0.00E+00
0.857	3.232	0.00E+00
0.858	3.2317	0.00E+00
0.859	3.2314	0.00E+00
0.86	3.2311	0.00E+00
0.861	3.2308	0.00E+00
0.862	3.2305	0.00E+00
0.863	3.2301	0.00E+00
0.864	3.2298	0.00E+00
0.865	3.2295	0.00E+00
0.866	3.2292	0.00E+00
0.867	3.2289	0.00E+00
0.868	3.2286	0.00E+00
0.869	3.2283	0.00E+00
0.87	3.2279	0.00E+00
0.871	3.2276	0.00E+00
0.872	3.2273	0.00E+00
0.873	3.227	0.00E+00
0.874	3.2267	0.00E+00
0.875	3.2264	0.00E+00
0.876	3.226	0.00E+00
0.877	3.2257	0.00E+00
0.878	3.2254	0.00E+00
0.879	3.2251	0.00E+00
0.88	3.2248	0.00E+00
0.881	3.2245	0.00E+00
0.882	3.2242	0.00E+00
0.883	3.2238	0.00E+00
0.884	3.2235	0.00E+00
0.885	3.2232	0.00E+00
0.886	3.2229	0.00E+00
0.887	3.2226	0.00E+00
0.888	3.2223	0.00E+00
0.889	3.222	0.00E+00
0.89	3.2216	0.00E+00
0.891	3.2213	0.00E+00
0.892	3.221	0.00E+00
0.893	3.2207	0.00E+00
0.894	3.2204	0.00E+00
0.895	3.2201	0.00E+00
0.896	3.2198	0.00E+00
0.897	3.2194	0.00E+00
0.898	3.2191	0.00E+00
0.899	3.2188	0.00E+00
0.9	3.2185	0.00E+00
0.901	3.2182	0.00E+00
0.902	3.2179	0.00E+00
0.903	3.2175	0.00E+00
0.904	3.2172	0.00E+00
0.905	3.2169	0.00E+00
0.906	3.2166	0.00E+00
0.907	3.2163	0.00E+00
0.908	3.216	0.00E+00
0.909	3.2157	0.00E+00
0.91	3.2153	0.00E+00
0.911	3.215	0.00E+00
0.912	3.2147	0.00E+00
0.913	3.2144	0.00E+00
0.914	3.2141	0.00E+00
0.915	3.2138	0.00E+00
0.916	3.2135	0.00E+00
0.917	3.2131	0.00E+00
0.918	3.2128	0.00E+00
0.919	3.2125	0.00E+00
0.92	3.2122	0.00E+00
0.921	3.2119	0.00E+00
0.922	3.2116	0.00E+00
0.923	3.2113	0.00E+00
0.924	3.2111	0.00E+00
0.925	3.211	0.00E+00
0.926	3.2108	0.00E+00
0.927	3.2106	0.00E+00
0.928	3.2105	0.00E+00
0.929	3.2103	0.00E+00
0.93	3.2102	0.00E+00
0.931	3.21	0.00E+00
0.932	3.2099	0.00E+00
0.933	3.2097	0.00E+00
0.934	3.2096	0.00E+00
0.935	3.2094	0.00E+00
0.936	3.2092	0.00E+00
0.937	3.2091	0.00E+00
0.938	3.2089	0.00E+00
0.939	3.2088	0.00E+00
0.94	3.2086	0.00E+00
0.941	3.2085	0.00E+00
0.942	3.2083	0.00E+00
0.943	3.2081	0.00E+00
0.944	3.208	0.00E+00
0.945	3.2078	0.00E+00
0.946	3.2077	0.00E+00
0.947	3.2075	0.00E+00
0.948	3.2074	0.00E+00
0.949	3.2072	0.00E+00
0.95	3.207	0.00E+00
0.951	3.2069	0.00E+00
0.952	3.2067	0.00E+00
0.953	3.2066	0.00E+00
0.954	3.2064	0.00E+00
0.955	3.2063	0.00E+00
0.956	3.2061	0.00E+00
0.957	3.2059	0.00E+00
0.958	3.2058	0.00E+00
0.959	3.2056	0.00E+00
0.96	3.2055	0.00E+00
0.961	3.2053	0.00E+00
0.962	3.2052	0.00E+00
0.963	3.205	0.00E+00
0.964	3.2049	0.00E+00
0.965	3.2047	0.00E+00
0.966	3.2045	0.00E+00
0.967	3.2044	0.00E+00
0.968	3.2042	0.00E+00
0.969	3.2041	0.00E+00
0.97	3.2039	0.00E+00
0.971	3.2038	0.00E+00
0.972	3.2036	0.00E+00
0.973	3.2034	0.00E+00
0.974	3.2033	0.00E+00
0.975	3.2031	0.00E+00
0.976	3.203	0.00E+00
0.977	3.2028	0.00E+00
0.978	3.2027	0.00E+00
0.979	3.2025	0.00E+00
0.98	3.2023	0.00E+00
0.981	3.2022	0.00E+00
0.982	3.202	0.00E+00
0.983	3.2019	0.00E+00
0.984	3.2017	0.00E+00
0.985	3.2016	0.00E+00
0.986	3.2014	0.00E+00
0.987	3.2012	0.00E+00
0.988	3.2011	0.00E+00
0.989	3.2009	0.00E+00
0.99	3.2008	0.00E+00
0.991	3.2006	0.00E+00
0.992	3.2005	0.00E+00
0.993	3.2003	0.00E+00
0.994	3.2002	0.00E+00
0.995	3.2	0.00E+00
0.996	3.1998	0.00E+00
0.997	3.1997	0.00E+00
0.998	3.1995	0.00E+00
0.999	3.1994	0.00E+00
1	3.1992	0.00E+00
1.001	3.1991	0.00E+00
1.002	3.1989	0.00E+00
1.003	3.1987	0.00E+00
1.004	3.1986	0.00E+00
1.005	3.1984	0.00E+00
1.006	3.1983	0.00E+00
1.007	3.1981	0.00E+00
1.008	3.198	0.00E+00
1.009	3.1978	0.00E+00
1.01	3.1976	0.00E+00
1.011	3.1975	0.00E+00
1.012	3.1973	0.00E+00
1.013	3.1972	0.00E+00
1.014	3.197	0.00E+00
1.015	3.1969	0.00E+00
1.016	3.1967	0.00E+00
1.017	3.1965	0.00E+00
1.018	3.1964	0.00E+00
1.019	3.1962	0.00E+00
1.02	3.1961	0.00E+00
1.021	3.1959	0.00E+00
1.022	3.1958	0.00E+00
1.023	3.1956	0.00E+00
1.024	3.1954	0.00E+00
1.025	3.1952	0.00E+00
1.026	3.1951	0.00E+00
1.027	3.1949	0.00E+00
1.028	3.1947	0.00E+00
1.029	3.1945	0.00E+00
1.03	3.1944	0.00E+00
1.031	3.1942	0.00E+00
1.032	3.194	0.00E+00
1.033	3.1939	0.00E+00
1.034	3.1937	0.00E+00
1.035	3.1935	0.00E+00
1.036	3.1933	0.00E+00
1.037	3.1932	0.00E+00
1.038	3.193	0.00E+00
1.039	3.1928	0.00E+00
1.04	3.1926	0.00E+00
1.041	3.1925	0.00E+00
1.042	3.1923	0.00E+00
1.043	3.1921	0.00E+00
1.044	3.1919	0.00E+00
1.045	3.1918	0.00E+00
1.046	3.1916	0.00E+00
1.047	3.1914	0.00E+00
1.048	3.1912	0.00E+00
1.049	3.1911	0.00E+00
1.05	3.1909	0.00E+00
1.051	3.1907	0.00E+00
1.052	3.1906	0.00E+00
1.053	3.1904	0.00E+00
1.054	3.1902	0.00E+00
1.055	3.19	0.00E+00
1.056	3.1899	0.00E+00
1.057	3.1897	0.00E+00
1.058	3.1895	0.00E+00
1.059	3.1893	0.00E+00
1.06	3.1892	0.00E+00
1.061	3.189	0.00E+00
1.062	3.1888	0.00E+00
1.063	3.1886	0.00E+00
1.064	3.1885	0.00E+00
1.065	3.1883	0.00E+00
1.066	3.1881	0.00E+00
1.067	3.1879	0.00E+00
1.068	3.1878	0.00E+00
1.069	3.1876	0.00E+00
1.07	3.1874	0.00E+00
1.071	3.1873	0.00E+00
1.072	3.1871	0.00E+00
1.073	3.1869	0.00E+00
1.074	3.1867	0.00E+00
1.075	3.1866	0.00E+00
1.076	3.1864	0.00E+00
1.077	3.1862	0.00E+00
1.078	3.186	0.00E+00
1.079	3.1859	0.00E+00
1.08	3.1857	0.00E+00
1.081	3.1855	0.00E+00
1.082	3.1853	0.00E+00
1.083	3.1852	0.00E+00
1.084	3.185	0.00E+00
1.085	3.1848	0.00E+00
1.086	3.1846	0.00E+00
1.087	3.1845	0.00E+00
1.088	3.1843	0.00E+00
1.089	3.1841	0.00E+00
1.09	3.184	0.00E+00
1.091	3.1838	0.00E+00
1.092	3.1836	0.00E+00
1.093	3.1834	0.00E+00
1.094	3.1833	0.00E+00
1.095	3.1831	0.00E+00
1.096	3.1829	0.00E+00
1.097	3.1827	0.00E+00
1.098	3.1826	0.00E+00
1.099	3.1824	0.00E+00
1.1	3.1822	0.00E+00
1.101	3.182	0.00E+00
1.102	3.1819	0.00E+00
1.103	3.1817	0.00E+00
1.104	3.1815	0.00E+00
1.105	3.1813	0.00E+00
1.106	3.1812	0.00E+00
1.107	3.181	0.00E+00
1.108	3.1808	0.00E+00
1.109	3.1807	0.00E+00
1.11	3.1805	0.00E+00
1.111	3.1803	0.00E+00
1.112	3.1801	0.00E+00
1.113	3.18	0.00E+00
1.114	3.1798	0.00E+00
1.115	3.1796	0.00E+00
1.116	3.1794	0.00E+00
1.117	3.1793	0.00E+00
1.118	3.1791	0.00E+00
1.119	3.1789	0.00E+00
1.12	3.1787	0.00E+00
1.121	3.1786	0.00E+00
1.122	3.1784	0.00E+00
1.123	3.1782	0.00E+00
1.124	3.178	0.00E+00
1.125	3.1779	0.00E+00
1.126	3.1777	0.00E+00
1.127	3.1775	0.00E+00
1.128	3.1774	0.00E+00
1.129	3.1772	0.00E+00
1.13	3.177	0.00E+00
1.131	3.1768	0.00E+00
1.132	3.1767	0.00E+00
1.133	3.1766	0.00E+00
1.134	3.1765	0.00E+00
1.135	3.1764	0.00E+00
1.136	3.1763	0.00E+00
1.137	3.1763	0.00E+00
1.138	3.1762	0.00E+00
1.139	3.1761	0.00E+00
1.14	3.176	0.00E+00
1.141	3.1759	0.00E+00
1.142	3.1758	0.00E+00
1.143	3.1757	0.00E+00
1.144	3.1757	0.00E+00
1.145	3.1756	0.00E+00
1.146	3.1755	0.00E+00
1.147	3.1754	0.00E+00
1.148	3.1753	0.00E+00
1.149	3.1752	0.00E+00
1.15	3.1751	0.00E+00
1.151	3.1751	0.00E+00
1.152	3.175	0.00E+00
1.153	3.1749	0.00E+00
1.154	3.1748	0.00E+00
1.155	3.1747	0.00E+00
1.156	3.1746	0.00E+00
1.157	3.1745	0.00E+00
1.158	3.1744	0.00E+00
1.159	3.1744	0.00E+00
1.16	3.1743	0.00E+00
1.161	3.1742	0.00E+00
1.162	3.1741	0.00E+00
1.163	3.174	0.00E+00
1.164	3.1739	0.00E+00
1.165	3.1738	0.00E+00
1.166	3.1738	0.00E+00
1.167	3.1737	0.00E+00
1.168	3.1736	0.00E+00
1.169	3.1735	0.00E+00
1.17	3.1734	0.00E+00
1.171	3.1733	0.00E+00
1.172	3.1732	0.00E+00
1.173	3.1732	0.00E+00
1.174	3.1731	0.00E+00
1.175	3.173	0.00E+00
1.176	3.1729	0.00E+00
1.177	3.1728	0.00E+00
1.178	3.1727	0.00E+00
1.179	3.1726	0.00E+00
1.18	3.1726	0.00E+00
1.181	3.1725	0.00E+00
1.182	3.1724	0.00E+00
1.183	3.1723	0.00E+00
1.184	3.1722	0.00E+00
1.185	3.1721	0.00E+00
1.186	3.172	0.00E+00
1.187	3.172	0.00E+00
1.188	3.1719	0.00E+00
1.189	3.1718	0.00E+00
1.19	3.1717	0.00E+00
1.191	3.1716	0.00E+00
1.192	3.1715	0.00E+00
1.193	3.1714	0.00E+00
1.194	3.1714	0.00E+00
1.195	3.1713	0.00E+00
1.196	3.1712	0.00E+00
1.197	3.1711	0.00E+00
1.198	3.171	0.00E+00
1.199	3.1709	0.00E+00
1.2	3.1708	0.00E+00